AI_FB_MODEL_TXT_V1
enc4_w1 64 0 0 0 0 0 0 0 0 0 0 0 0 0 0 0 0 0 0 0 0 0 0 0 0 0 0 0 0 0 0 0 0 0 0 0 0 0 0 0 0 0 0 0 0 0 0 0 0 0 0 0 0 0 0 0 0 0 0 0 0 0 0 0 0
enc4_b1 8 0 0 0 0 0 0 0 0
enc4_w2 48 0 0 0 0 0 0 0 0 0 0 0 0 0 0 0 0 0 0 0 0 0 0 0 0 0 0 0 0 0 0 0 0 0 0 0 0 0 0 0 0 0 0 0 0 0 0 0 0
enc4_b2 6 0 0 0 0 0 0
dec4_w1 48 0 0 0 0 0 0 0 0 0 0 0 0 0 0 0 0 0 0 0 0 0 0 0 0 0 0 0 0 0 0 0 0 0 0 0 0 0 0 0 0 0 0 0 0 0 0 0 0
dec4_b1 8 0 0 0 0 0 0 0 0
dec4_w2 64 0 0 0 0 0 0 0 0 0 0 0 0 0 0 0 0 0 0 0 0 0 0 0 0 0 0 0 0 0 0 0 0 0 0 0 0 0 0 0 0 0 0 0 0 0 0 0 0 0 0 0 0 0 0 0 0 0 0 0 0 0 0 0 0
dec4_b2 8 0 0 0 0 0 0 0 0
enc2_w1 32 -0.22761856 -0.272973448 -0.346095979 -0.125879303 0.13357994 0.609093964 -0.373684824 -0.120351426 -0.618076861 -0.200731352 -0.313099235 -0.0602330156 -0.616898775 -0.0206744839 0.325778008 -0.523047149 0.751130581 -0.101211645 0.315848708 -0.551515579 0.226844564 -0.630681038 0.076964125 0.227607965 0.168371871 -0.594479561 -0.0315479711 -0.324391276 0.484637767 0.299867451 0.0270475894 0.523425341
enc2_b1 8 0.149734914 0.250249207 -0.122952014 0.174522519 -0.293481976 0.0464344807 0.0179388821 -0.335393369
enc2_w2 48 -0.0764478892 0.406854689 0.000682868529 0.422409713 -0.195611328 -0.205150351 -0.456308156 -0.158319026 -0.24637343 0.0643778071 0.16644533 -0.318591118 -0.159731746 -0.146757632 -0.488850892 0.320512861 -0.539033413 0.375662923 -0.149075776 -0.396561354 0.699572504 0.0520029292 -0.0721905455 0.257693708 -0.129610121 0.0974985361 -0.358965099 -0.689077854 -0.0217183661 0.0427151285 0.0755798519 0.483096689 0.35294354 0.172346264 0.0513344482 0.261116922 0.377359033 0.0986272022 0.206792921 -0.452754378 0.245605856 -0.516881347 0.0929788128 -0.349741936 -0.259428978 0.369703621 -0.0113923838 -0.15101926
enc2_b2 6 -0.0460000634 -0.0385081694 0.0523008443 -0.172053739 -0.382266432 0.0556577556
dec2_w1 48 0.128887042 0.474130958 0.440182775 -0.089691326 -0.532066762 0.0649185851 -0.321401 0.0465096422 0.279411227 0.175414905 0.565478086 -0.502242684 0.0623879768 0.0507384911 -0.14722003 -0.363344252 0.281777412 0.412664026 -0.59555769 -0.0689294413 -0.28745842 0.0634928867 -0.546980858 0.567243278 0.783337653 0.141970098 -0.526748717 -0.127912566 -0.27718839 -0.398828119 0.303031802 0.0232595913 0.459107667 -0.353664786 0.264048964 -0.0289696474 0.117163002 -0.593953371 0.524133861 -0.157115877 0.28015995 -0.311405212 -0.129118338 0.0550493486 0.498389482 0.370833606 -0.0281457324 -0.229318112
dec2_b1 8 -0.190007359 0.343178451 0.337328494 -0.017467916 -0.0612219982 0.359711856 -0.00484147342 0.156085253
dec2_w2 32 0.104153603 0.236746982 -0.331356078 0.0472694524 -0.440862238 -0.0911621079 0.290912241 0.231868818 0.335864395 -0.122636497 -0.272418797 -0.575267076 0.464147538 0.319526523 -0.184129551 0.326316386 0.150918707 0.24055551 0.311180562 -0.00882699993 -0.0300177541 0.141146258 -0.194309458 0.0100079468 0.384349078 -0.346030682 -0.106652968 0.37997815 -0.0477259792 -0.340768903 -0.522193372 0.178658128
dec2_b2 4 0.334015757 0.0185222905 -0.14455907 0.210498035
