AI_FB_MODEL_TXT_V1
enc4_w1 128 0 0 0 0 0 0 0 0 0 0 0 0 0 0 0 0 0 0 0 0 0 0 0 0 0 0 0 0 0 0 0 0 0 0 0 0 0 0 0 0 0 0 0 0 0 0 0 0 0 0 0 0 0 0 0 0 0 0 0 0 0 0 0 0 0 0 0 0 0 0 0 0 0 0 0 0 0 0 0 0 0 0 0 0 0 0 0 0 0 0 0 0 0 0 0 0 0 0 0 0 0 0 0 0 0 0 0 0 0 0 0 0 0 0 0 0 0 0 0 0 0 0 0 0 0 0 0 0
enc4_b1 16 0 0 0 0 0 0 0 0 0 0 0 0 0 0 0 0
enc4_w2 96 0 0 0 0 0 0 0 0 0 0 0 0 0 0 0 0 0 0 0 0 0 0 0 0 0 0 0 0 0 0 0 0 0 0 0 0 0 0 0 0 0 0 0 0 0 0 0 0 0 0 0 0 0 0 0 0 0 0 0 0 0 0 0 0 0 0 0 0 0 0 0 0 0 0 0 0 0 0 0 0 0 0 0 0 0 0 0 0 0 0 0 0 0 0 0 0
enc4_b2 6 0 0 0 0 0 0
dec4_w1 96 0 0 0 0 0 0 0 0 0 0 0 0 0 0 0 0 0 0 0 0 0 0 0 0 0 0 0 0 0 0 0 0 0 0 0 0 0 0 0 0 0 0 0 0 0 0 0 0 0 0 0 0 0 0 0 0 0 0 0 0 0 0 0 0 0 0 0 0 0 0 0 0 0 0 0 0 0 0 0 0 0 0 0 0 0 0 0 0 0 0 0 0 0 0 0 0
dec4_b1 16 0 0 0 0 0 0 0 0 0 0 0 0 0 0 0 0
dec4_w2 128 0 0 0 0 0 0 0 0 0 0 0 0 0 0 0 0 0 0 0 0 0 0 0 0 0 0 0 0 0 0 0 0 0 0 0 0 0 0 0 0 0 0 0 0 0 0 0 0 0 0 0 0 0 0 0 0 0 0 0 0 0 0 0 0 0 0 0 0 0 0 0 0 0 0 0 0 0 0 0 0 0 0 0 0 0 0 0 0 0 0 0 0 0 0 0 0 0 0 0 0 0 0 0 0 0 0 0 0 0 0 0 0 0 0 0 0 0 0 0 0 0 0 0 0 0 0 0 0
dec4_b2 8 0 0 0 0 0 0 0 0
enc2_w1 64 -0.282756299 0.225524813 -0.278073609 -0.305851817 0.250291288 0.400287777 -0.0401286893 -0.527434945 -0.0840921402 0.0284608826 -0.237514809 0.162175044 -0.568658173 -0.0911569819 0.275514752 0.144683972 0.422688782 -0.434469461 -0.468268663 -0.247710302 0.0555296578 -0.242648572 0.10500659 -0.268021941 -0.0354232118 -0.187249571 0.166040286 -0.297127277 -0.170563146 -0.324083358 0.0414243601 -0.404534996 0.425154001 -0.388492227 -0.281769454 -0.149774134 -0.107977346 -0.490311593 0.0631790012 -0.296549797 -0.274709761 0.208245829 -0.184054524 0.323175639 -0.198641315 0.416393161 0.379296899 0.273879439 0.0864363983 -0.417692512 -0.154868841 0.228931874 0.284375548 -0.0757014975 0.136362568 -0.329128325 -0.0231707394 0.140547872 -0.438652813 -0.0935895368 0.38637051 -0.143920898 0.00605630223 0.00256175455
enc2_b1 16 0.168467745 0.538936257 0.0698151812 0.082305789 -0.127398059 0.487415075 -0.215798482 -0.419670939 0.110369481 -0.440069348 0.291732132 -0.514633417 0.219967753 -0.141215056 -0.03412956 0.0663934872
enc2_w2 96 -0.204543442 -0.124631353 -0.0492046662 -0.125953972 0.149157301 0.180534303 -0.253335387 -0.213551387 0.136021972 0.174977273 -0.140458241 -0.177048683 0.097055234 -0.0528889149 -0.135006115 -0.0865091756 -0.105188161 0.169956967 0.276920915 0.146048471 0.0130364737 -0.126579091 -0.212933183 0.259710073 -0.181631133 0.0849789381 -0.182841808 -0.0637718886 0.000159359071 -0.13711141 -0.140955269 0.0988315269 -0.200454801 0.107596099 -0.07292144 0.204361007 -0.156531557 -0.269678831 0.307816684 0.235705405 0.291676432 0.180406049 -0.27608642 -0.130029276 0.0517087989 0.0333845019 -0.0818754733 0.0255335607 -0.0205311943 0.222533733 0.0471487343 0.0993989483 0.185224071 0.0699758679 0.10339421 -0.233500764 0.0368172042 -0.245254606 0.164237157 0.0412806943 -0.282306492 -0.0237838905 0.138380751 -0.0646731853 -0.121866696 -0.222891629 0.0432546362 -0.136681795 0.153213888 0.137763366 0.189238861 -0.179223716 0.147219017 0.00254252157 -0.215693012 0.298037678 0.245972171 -0.0236066878 -0.161455065 0.038870234 0.160819471 -0.115237273 -0.174885467 0.260901064 0.101867609 -0.134200945 0.234944105 0.0602248088 0.252165794 0.0591623485 -0.143922299 0.131511241 -0.058175236 0.134697497 0.149240777 -0.0288207233
enc2_b2 6 -0.152815387 0.195177555 -0.104799032 0.0813635886 -0.181383744 -0.0940073356
dec2_w1 96 0.249016941 -0.0889529064 -0.271525562 0.341359705 0.331777781 -0.172618702 -0.100450784 0.255533636 0.24119018 0.0537408404 0.33148554 0.414117306 -0.310937464 -0.308461279 -0.00420748768 -0.44179821 0.370490015 0.283947319 -0.353754044 -0.186908603 0.197223425 -0.377022624 0.0203286838 -0.0373760015 0.242728606 -0.306169391 -0.200341716 0.132006273 -0.396316469 -0.27868557 0.174493447 -0.322519392 0.287108392 0.446120769 -0.257015198 0.269991934 0.170471549 0.179967314 0.0466801412 -0.0532593727 0.421445131 0.356934488 -0.336496532 -0.0785110369 -0.0384974256 0.245026529 0.3248474 -0.17644912 -0.41848889 0.334845304 -0.0802376717 0.204740882 0.165078938 -0.291550398 -0.386820257 0.0936242715 -0.135159343 -0.0517822206 0.180607751 -0.181434229 0.197462171 0.0247796457 0.0342860296 0.231710777 0.191836879 0.384983718 0.107085049 0.175046831 -0.360902458 -0.369514138 -0.0521806814 -0.290749699 -0.353481352 -0.0500513464 -0.21844922 -0.404312313 0.147648603 -0.367500305 0.0387881696 0.286778241 -0.107022583 -0.24422057 -0.160784245 0.0890962556 0.0664412826 0.096385248 -0.0669048727 -0.0663709715 0.25173521 -0.0068443343 -0.279425949 0.327951908 -0.190794215 0.30529049 0.380623698 0.466000557
dec2_b1 16 0.303199828 0.333923548 -0.108728983 0.301303595 -0.226665378 -0.349696457 0.0388928652 0.406903058 0.000922634325 0.429454982 -0.0356626809 -0.361947149 0.312712997 0.26336953 -0.327730685 0.124439709
dec2_w2 64 0.218566447 0.00326789566 -0.161697447 -0.202059314 0.157093555 -0.0914167687 0.0701259151 0.0752013922 -0.19892092 0.210025206 -0.253343135 -0.0719888657 -0.0573447123 -0.0888509452 -0.0636143461 0.0572370812 0.297589362 0.0243323613 -0.299305916 -0.0674947053 0.135775924 0.0660914034 -0.199589014 0.208079055 0.2562837 0.108514525 0.0243130419 0.0356088765 0.0259948373 0.110602021 -0.129718065 -0.0691263527 -0.0277929101 0.0486086868 -0.00193081726 0.0273505561 0.0227170866 0.146521971 -0.102910548 0.113076948 0.201850593 -0.270657569 -0.179469123 0.255742073 0.129503444 -0.0848183483 -0.210294783 0.0609170869 -0.0593545139 0.0654763356 -0.187671795 0.0914854258 -0.0528649613 -0.131516516 0.234046936 -0.172832713 0.0391491055 -0.237799659 -0.0916167647 0.273828298 0.209251612 -0.289769322 0.0953317285 0.0891808346
dec2_b2 4 -0.0377741717 0.195967212 -0.0965940952 0.083791472
